{"id":0,"proj":[1.7320507764816285,0.0,0.0,0.0,0.0,1.7320507764816285,0.0,0.0,0.0,0.0,-1.0000200271606446,-1.0,0.0,0.0,-0.02000020071864128,0.0],"worldToCam":[-0.019641637802124025,-0.9951540231704712,0.0963476300239563,0.0,0.0,-0.096366286277771,-0.9953460097312927,0.0,0.9998071789741516,-0.0195501446723938,0.001892685890197754,0.0,0.0008249512175098062,0.12293685227632523,2.1269006729125978,1.0],"models":[{"name":"Cube","instance":0,"locToWorld":[0.0010000000474974514,1.784322967157692e-10,-1.4090623778884038e-7,0.0,-1.783585640291463e-10,0.0010000000474974514,5.232211330863379e-10,0.0,1.4090623778884038e-7,-5.231959865348301e-10,0.0010000000474974514,0.0,0.24948400259017945,0.7912100553512573,-0.13546451926231385,1.0]},{"name":"Cylinder","instance":1,"locToWorld":[0.0010000000474974514,2.062830323223963e-10,-1.4095121514401399e-7,0.0,-2.0620588569997268e-10,0.0010000000474974514,5.472373665327268e-10,0.0,1.4095121514401399e-7,-5.472082786894816e-10,0.0010000000474974514,0.0,-0.050235696136951449,0.7912101149559021,0.21115955710411073,1.0]},{"name":"Hexagonal Prism","instance":2,"locToWorld":[0.0009999996982514859,-5.88696646985909e-10,-7.835386099941388e-7,0.0,5.896416133133187e-10,0.0010000000474974514,1.2057679299459779e-9,0.0,7.835386099941388e-7,-1.2062294496573145e-9,0.0009999996982514859,0.0,0.1273239403963089,0.7912101149559021,0.0821681022644043,1.0]}]}
{"id":1,"proj":[1.7320507764816285,0.0,0.0,0.0,0.0,1.7320507764816285,0.0,0.0,0.0,0.0,-1.0000200271606446,-1.0,0.0,0.0,-0.02000020071864128,0.0],"worldToCam":[-0.8060486316680908,-0.5839457511901856,0.09640181064605713,0.0,-2.9802322387695315e-8,-0.16288232803344727,-0.9866455793380737,0.0,0.5918496251106262,-0.7952841520309448,0.13129091262817384,0.0,0.033854082226753238,0.1616726666688919,1.503045916557312,1.0],"models":[{"name":"Cube","instance":0,"locToWorld":[0.0010000000474974514,2.0935510269826097e-10,-1.410865024809027e-7,0.0,-2.0929080690734737e-10,0.0010000000474974514,4.5564391149000018e-10,0.0,1.410865024809027e-7,-4.556143518019695e-10,0.0010000000474974514,0.0,0.23361796140670777,0.7912101745605469,-0.1455996036529541,1.0]},{"name":"Cylinder","instance":1,"locToWorld":[0.0010000000474974514,4.027728983668766e-10,-1.4084731958519115e-7,0.0,-4.02679861677413e-10,0.0010000000474974514,6.608225633364384e-10,0.0,1.4084731958519115e-7,-6.607658309398801e-10,0.0010000000474974514,0.0,0.23705534636974336,0.7912101149559021,0.10520985722541809,1.0]},{"name":"Hexagonal Prism","instance":2,"locToWorld":[0.0009999996982514859,-6.707434052621863e-10,-7.835824362700805e-7,0.0,6.717809086786986e-10,0.0010000000474974514,1.3237206886174136e-9,0.0,7.835824362700805e-7,-1.3242466012641785e-9,0.0009999996982514859,0.0,0.10294117033481598,0.7912101745605469,0.032472629100084308,1.0]}]}
{"id":2,"proj":[1.7320507764816285,0.0,0.0,0.0,0.0,1.7320507764816285,0.0,0.0,0.0,0.0,-1.0000200271606446,-1.0,0.0,0.0,-0.02000020071864128,0.0],"worldToCam":[0.3692971467971802,-0.9291470050811768,0.017478585243225099,0.0,-5.960464477539063e-8,-0.01880824565887451,-0.9998232126235962,0.0,0.9293113946914673,0.3692319393157959,-0.006945967674255371,0.0,-0.01551036722958088,0.054860927164554599,1.9151633977890015,1.0],"models":[{"name":"Cube","instance":0,"locToWorld":[0.0010000000474974514,5.989685830654068e-11,-1.4095432732119662e-7,0.0,-5.98340335611347e-11,0.0010000000474974514,4.4573378321643988e-10,0.0,1.4095432732119662e-7,-4.457253732770283e-10,0.0010000000474974514,0.0,-0.06059093773365021,0.7912101149559021,-0.23897989094257356,1.0]},{"name":"Cylinder","instance":1,"locToWorld":[0.0010000000474974514,1.0931669458535964e-10,-1.4093760114519683e-7,0.0,-1.0924619542329595e-10,0.0010000000474974514,5.002766534367709e-10,0.0,1.4093760114519683e-7,-5.00261332359031e-10,0.0010000000474974514,0.0,-0.19043909013271333,0.7912101149559021,-0.21305100619792939,1.0]},{"name":"Hexagonal Prism","instance":2,"locToWorld":[0.0009999996982514859,-6.417438247474649e-10,-7.837660973564198e-7,0.0,6.427621213056511e-10,0.0010000000474974514,1.2989679332164883e-9,0.0,7.837660973564198e-7,-1.2994713083358534e-9,0.0009999996982514859,0.0,0.05349917337298393,0.7912101745605469,0.04354994371533394,1.0]}]}
